Block size 	   Merge sort time 	   Quick sort time 
    100 	       0.000012 	      0.000008 
    200 	       0.000019 	      0.000016 
    300 	       0.000032 	      0.000023 
    400 	       0.000042 	      0.000031 
    500 	       0.000055 	      0.000040 
    600 	       0.000067 	      0.000049 
    700 	       0.000079 	      0.000061 
    800 	       0.000091 	      0.000070 
    900 	       0.000103 	      0.000079 
   1000 	       0.000116 	      0.000089 
   1100 	       0.000132 	      0.000097 
   1200 	       0.000143 	      0.000111 
   1300 	       0.000156 	      0.000118 
   1400 	       0.000172 	      0.000132 
   1500 	       0.000181 	      0.000131 
   1600 	       0.000179 	      0.000135 
   1700 	       0.000191 	      0.000153 
   1800 	       0.000201 	      0.000158 
   1900 	       0.000219 	      0.000166 
   2000 	       0.000228 	      0.000178 
   2100 	       0.000243 	      0.000184 
   2200 	       0.000259 	      0.000200 
   2300 	       0.000268 	      0.000210 
   2400 	       0.000280 	      0.000220 
   2500 	       0.000294 	      0.000228 
   2600 	       0.000306 	      0.000240 
   2700 	       0.000296 	      0.000231 
   2800 	       0.000307 	      0.000244 
   2900 	       0.000319 	      0.000249 
   3000 	       0.000329 	      0.000260 
   3100 	       0.000342 	      0.000265 
   3200 	       0.000357 	      0.000272 
   3300 	       0.000369 	      0.000300 
   3400 	       0.000380 	      0.000292 
   3500 	       0.000368 	      0.000288 
   3600 	       0.000376 	      0.000297 
   3700 	       0.000389 	      0.000312 
   3800 	       0.000412 	      0.000313 
   3900 	       0.000411 	      0.000340 
   4000 	       0.000424 	      0.000338 
   4100 	       0.000434 	      0.000348 
   4200 	       0.000451 	      0.000361 
   4300 	       0.000463 	      0.000337 
   4400 	       0.000444 	      0.000344 
   4500 	       0.000462 	      0.000347 
   4600 	       0.000459 	      0.000359 
   4700 	       0.000473 	      0.000376 
   4800 	       0.000482 	      0.000375 
   4900 	       0.000496 	      0.000395 
   5000 	       0.000502 	      0.000395 
   5100 	       0.000514 	      0.000408 
   5200 	       0.000522 	      0.000425 
   5300 	       0.000537 	      0.000420 
   5400 	       0.000531 	      0.000417 
   5500 	       0.000543 	      0.000426 
   5600 	       0.000551 	      0.000435 
   5700 	       0.000561 	      0.000436 
   5800 	       0.000560 	      0.000457 
   5900 	       0.000575 	      0.000456 
   6000 	       0.000583 	      0.000462 
   6100 	       0.000591 	      0.000478 
   6200 	       0.000603 	      0.000470 
   6300 	       0.000605 	      0.000469 
   6400 	       0.000727 	      0.000550 
   6500 	       0.000666 	      0.000499 
   6600 	       0.000669 	      0.000512 
   6700 	       0.000661 	      0.000517 
   6800 	       0.000661 	      0.000525 
   6900 	       0.000669 	      0.000534 
   7000 	       0.000678 	      0.000527 
   7100 	       0.000685 	      0.000550 
   7200 	       0.000692 	      0.000548 
   7300 	       0.000706 	      0.000563 
   7400 	       0.000718 	      0.000571 
   7500 	       0.000730 	      0.000583 
   7600 	       0.000743 	      0.000592 
   7700 	       0.000750 	      0.000591 
   7800 	       0.000788 	      0.000609 
   7900 	       0.000771 	      0.000619 
   8000 	       0.000798 	      0.000618 
   8100 	       0.000795 	      0.000623 
   8200 	       0.000802 	      0.000646 
   8300 	       0.000818 	      0.000650 
   8400 	       0.000828 	      0.000659 
   8500 	       0.000899 	      0.000662 
   8600 	       0.000855 	      0.000682 
   8700 	       0.000863 	      0.000686 
   8800 	       0.000880 	      0.000700 
   8900 	       0.000887 	      0.000702 
   9000 	       0.000896 	      0.000741 
   9100 	       0.000926 	      0.000712 
   9200 	       0.000912 	      0.000727 
   9300 	       0.000927 	      0.000726 
   9400 	       0.000939 	      0.000755 
   9500 	       0.000955 	      0.000750 
   9600 	       0.000963 	      0.000772 
   9700 	       0.000973 	      0.000766 
   9800 	       0.000989 	      0.000782 
   9900 	       0.000997 	      0.000785 
  10000 	       0.001001 	      0.000799 
  10100 	       0.001031 	      0.000812 
  10200 	       0.001019 	      0.000817 
  10300 	       0.001030 	      0.000840 
  10400 	       0.001047 	      0.000828 
  10500 	       0.001059 	      0.000878 
  10600 	       0.001070 	      0.000837 
  10700 	       0.001082 	      0.000857 
  10800 	       0.001095 	      0.000869 
  10900 	       0.001108 	      0.000872 
  11000 	       0.001146 	      0.000887 
  11100 	       0.001131 	      0.000901 
  11200 	       0.001143 	      0.000916 
  11300 	       0.001159 	      0.000926 
  11400 	       0.001165 	      0.000929 
  11500 	       0.001175 	      0.000948 
  11600 	       0.001191 	      0.000966 
  11700 	       0.001195 	      0.000957 
  11800 	       0.001200 	      0.000968 
  11900 	       0.001213 	      0.001013 
  12000 	       0.001221 	      0.000979 
  12100 	       0.001232 	      0.001000 
  12200 	       0.001241 	      0.001005 
  12300 	       0.001249 	      0.001011 
  12400 	       0.001266 	      0.001019 
  12500 	       0.001276 	      0.001024 
  12600 	       0.001346 	      0.001092 
  12700 	       0.001328 	      0.001048 
  12800 	       0.001320 	      0.001040 
  12900 	       0.001327 	      0.001086 
  13000 	       0.001338 	      0.001095 
  13100 	       0.001380 	      0.001069 
  13200 	       0.001364 	      0.001110 
  13300 	       0.001374 	      0.001115 
  13400 	       0.001430 	      0.001107 
  13500 	       0.001392 	      0.001124 
  13600 	       0.001404 	      0.001144 
  13700 	       0.001421 	      0.001133 
  13800 	       0.001449 	      0.001188 
  13900 	       0.001439 	      0.001159 
  14000 	       0.001445 	      0.001155 
  14100 	       0.001456 	      0.001178 
  14200 	       0.001462 	      0.001189 
  14300 	       0.001493 	      0.001207 
  14400 	       0.001477 	      0.001198 
  14500 	       0.001495 	      0.001216 
  14600 	       0.001506 	      0.001214 
  14700 	       0.001570 	      0.001223 
  14800 	       0.001532 	      0.001236 
  14900 	       0.001548 	      0.001266 
  15000 	       0.001569 	      0.001256 
  15100 	       0.001572 	      0.001282 
  15200 	       0.001581 	      0.001263 
  15300 	       0.001590 	      0.001295 
  15400 	       0.001600 	      0.001302 
  15500 	       0.001611 	      0.001311 
  15600 	       0.001624 	      0.001308 
  15700 	       0.001636 	      0.001326 
  15800 	       0.001671 	      0.001318 
  15900 	       0.001695 	      0.001375 
  16000 	       0.001667 	      0.001363 
  16100 	       0.001732 	      0.001401 
  16200 	       0.001689 	      0.001388 
  16300 	       0.001749 	      0.001410 
  16400 	       0.001711 	      0.001406 
  16500 	       0.001754 	      0.001386 
  16600 	       0.001738 	      0.001463 
  16700 	       0.001758 	      0.001405 
  16800 	       0.001799 	      0.001407 
  16900 	       0.001780 	      0.001407 
  17000 	       0.001819 	      0.001462 
  17100 	       0.001809 	      0.001493 
  17200 	       0.001847 	      0.001469 
  17300 	       0.001874 	      0.001497 
  17400 	       0.001856 	      0.001458 
  17500 	       0.001868 	      0.001502 
  17600 	       0.001879 	      0.001560 
  17700 	       0.001894 	      0.001487 
  17800 	       0.001921 	      0.001518 
  17900 	       0.001915 	      0.001573 
  18000 	       0.001924 	      0.001561 
  18100 	       0.001957 	      0.001614 
  18200 	       0.001943 	      0.001581 
  18300 	       0.001958 	      0.001549 
  18400 	       0.001943 	      0.001643 
  18500 	       0.001959 	      0.001682 
  18600 	       0.002053 	      0.001608 
  18700 	       0.002032 	      0.001632 
  18800 	       0.002011 	      0.001633 
  18900 	       0.002040 	      0.001603 
  19000 	       0.002043 	      0.001666 
  19100 	       0.002043 	      0.001676 
  19200 	       0.002066 	      0.001641 
  19300 	       0.002143 	      0.001699 
  19400 	       0.002075 	      0.001731 
  19500 	       0.002093 	      0.001684 
  19600 	       0.002154 	      0.001669 
  19700 	       0.002109 	      0.001749 
  19800 	       0.002125 	      0.001718 
  19900 	       0.002181 	      0.001719 
  20000 	       0.002211 	      0.001851 
  20100 	       0.002241 	      0.001778 
  20200 	       0.002265 	      0.001802 
  20300 	       0.002307 	      0.001838 
  20400 	       0.002270 	      0.001847 
  20500 	       0.002278 	      0.001808 
  20600 	       0.002201 	      0.001776 
  20700 	       0.002262 	      0.001838 
  20800 	       0.002273 	      0.001882 
  20900 	       0.002249 	      0.001830 
  21000 	       0.002266 	      0.001834 
  21100 	       0.002327 	      0.001836 
  21200 	       0.002320 	      0.001857 
  21300 	       0.002292 	      0.001909 
  21400 	       0.002369 	      0.001860 
  21500 	       0.002382 	      0.001869 
  21600 	       0.002373 	      0.001870 
  21700 	       0.002367 	      0.001938 
  21800 	       0.002365 	      0.001915 
  21900 	       0.002403 	      0.001893 
  22000 	       0.002432 	      0.001942 
  22100 	       0.002443 	      0.001932 
  22200 	       0.002427 	      0.001970 
  22300 	       0.002443 	      0.001979 
  22400 	       0.002437 	      0.001985 
  22500 	       0.002480 	      0.001972 
  22600 	       0.002504 	      0.002024 
  22700 	       0.002493 	      0.001998 
  22800 	       0.002497 	      0.002004 
  22900 	       0.002484 	      0.002075 
  23000 	       0.002498 	      0.002012 
  23100 	       0.002516 	      0.002016 
  23200 	       0.002565 	      0.002008 
  23300 	       0.002531 	      0.002067 
  23400 	       0.002527 	      0.002140 
  23500 	       0.002548 	      0.002023 
  23600 	       0.002596 	      0.002078 
  23700 	       0.002621 	      0.002098 
  23800 	       0.002667 	      0.002123 
  23900 	       0.002650 	      0.002151 
  24000 	       0.002715 	      0.002254 
  24100 	       0.002699 	      0.002231 
  24200 	       0.002713 	      0.002285 
  24300 	       0.002634 	      0.002184 
  24400 	       0.002649 	      0.002147 
  24500 	       0.002687 	      0.002169 
  24600 	       0.002764 	      0.002227 
  24700 	       0.002727 	      0.002196 
  24800 	       0.002727 	      0.002260 
  24900 	       0.002771 	      0.002276 
  25000 	       0.002766 	      0.002344 
  25100 	       0.002779 	      0.002287 
  25200 	       0.002747 	      0.002278 
  25300 	       0.002849 	      0.002220 
  25400 	       0.002776 	      0.002264 
  25500 	       0.002850 	      0.002259 
  25600 	       0.002856 	      0.002263 
  25700 	       0.002903 	      0.002459 
  25800 	       0.002874 	      0.002290 
  25900 	       0.002910 	      0.002287 
  26000 	       0.002951 	      0.002318 
  26100 	       0.002906 	      0.002360 
  26200 	       0.002910 	      0.002325 
  26300 	       0.002911 	      0.002334 
  26400 	       0.002938 	      0.002406 
  26500 	       0.002953 	      0.002413 
  26600 	       0.002933 	      0.002423 
  26700 	       0.002963 	      0.002390 
  26800 	       0.002971 	      0.002438 
  26900 	       0.002947 	      0.002529 
  27000 	       0.002992 	      0.002425 
  27100 	       0.002979 	      0.002505 
  27200 	       0.003070 	      0.002469 
  27300 	       0.002993 	      0.002497 
  27400 	       0.003018 	      0.002426 
  27500 	       0.003014 	      0.002495 
  27600 	       0.003024 	      0.002493 
  27700 	       0.003037 	      0.002537 
  27800 	       0.003045 	      0.002550 
  27900 	       0.003061 	      0.002487 
  28000 	       0.003087 	      0.002580 
  28100 	       0.003092 	      0.002554 
  28200 	       0.003254 	      0.002679 
  28300 	       0.003311 	      0.002597 
  28400 	       0.003175 	      0.002518 
  28500 	       0.003162 	      0.002576 
  28600 	       0.003197 	      0.002595 
  28700 	       0.003215 	      0.002631 
  28800 	       0.003250 	      0.002565 
  28900 	       0.003239 	      0.002613 
  29000 	       0.003266 	      0.002620 
  29100 	       0.003247 	      0.002587 
  29200 	       0.003304 	      0.002607 
  29300 	       0.003269 	      0.002663 
  29400 	       0.003379 	      0.002747 
  29500 	       0.003360 	      0.002748 
  29600 	       0.003503 	      0.002726 
  29700 	       0.003296 	      0.002712 
  29800 	       0.003456 	      0.002774 
  29900 	       0.003382 	      0.002739 
  30000 	       0.003412 	      0.002760 
  30100 	       0.003376 	      0.002811 
  30200 	       0.003398 	      0.002738 
  30300 	       0.003424 	      0.002828 
  30400 	       0.003436 	      0.002793 
  30500 	       0.003522 	      0.002814 
  30600 	       0.003438 	      0.002751 
  30700 	       0.003477 	      0.002776 
  30800 	       0.003506 	      0.002740 
  30900 	       0.003463 	      0.002875 
  31000 	       0.003459 	      0.002888 
  31100 	       0.003465 	      0.002829 
  31200 	       0.003541 	      0.002877 
  31300 	       0.003501 	      0.002774 
  31400 	       0.003572 	      0.002819 
  31500 	       0.003501 	      0.002836 
  31600 	       0.003606 	      0.002845 
  31700 	       0.003540 	      0.002963 
  31800 	       0.003603 	      0.002932 
  31900 	       0.003573 	      0.002907 
  32000 	       0.003616 	      0.002913 
  32100 	       0.003595 	      0.002904 
  32200 	       0.003580 	      0.002951 
  32300 	       0.003587 	      0.003108 
  32400 	       0.003585 	      0.003030 
  32500 	       0.003648 	      0.002888 
  32600 	       0.003634 	      0.002965 
  32700 	       0.003622 	      0.002979 
  32800 	       0.003646 	      0.002969 
  32900 	       0.003653 	      0.002994 
  33000 	       0.003722 	      0.002952 
  33100 	       0.003731 	      0.002982 
  33200 	       0.003703 	      0.002994 
  33300 	       0.003716 	      0.003091 
  33400 	       0.003757 	      0.003048 
  33500 	       0.003796 	      0.003091 
  33600 	       0.003824 	      0.003038 
  33700 	       0.003780 	      0.003091 
  33800 	       0.003801 	      0.003169 
  33900 	       0.003849 	      0.003039 
  34000 	       0.003867 	      0.003076 
  34100 	       0.003825 	      0.003115 
  34200 	       0.003841 	      0.003149 
  34300 	       0.003905 	      0.003139 
  34400 	       0.003901 	      0.003122 
  34500 	       0.003951 	      0.003152 
  34600 	       0.003903 	      0.003303 
  34700 	       0.003924 	      0.003160 
  34800 	       0.003965 	      0.003181 
  34900 	       0.003960 	      0.003319 
  35000 	       0.003976 	      0.003155 
  35100 	       0.004107 	      0.003231 
  35200 	       0.003978 	      0.003260 
  35300 	       0.004033 	      0.003274 
  35400 	       0.004164 	      0.003262 
  35500 	       0.004080 	      0.003331 
  35600 	       0.004068 	      0.003319 
  35700 	       0.004150 	      0.003403 
  35800 	       0.004079 	      0.003332 
  35900 	       0.004098 	      0.003293 
  36000 	       0.004141 	      0.003304 
  36100 	       0.004063 	      0.003337 
  36200 	       0.004108 	      0.003325 
  36300 	       0.004086 	      0.003305 
  36400 	       0.004092 	      0.003323 
  36500 	       0.004115 	      0.003345 
  36600 	       0.004126 	      0.003398 
  36700 	       0.004126 	      0.003440 
  36800 	       0.004128 	      0.003372 
  36900 	       0.004148 	      0.003448 
  37000 	       0.004165 	      0.003380 
  37100 	       0.004181 	      0.003322 
  37200 	       0.004210 	      0.003381 
  37300 	       0.004215 	      0.003455 
  37400 	       0.004267 	      0.003433 
  37500 	       0.004250 	      0.003450 
  37600 	       0.004328 	      0.003502 
  37700 	       0.004341 	      0.003524 
  37800 	       0.004360 	      0.003561 
  37900 	       0.004375 	      0.003556 
  38000 	       0.004398 	      0.003629 
  38100 	       0.004397 	      0.003548 
  38200 	       0.004417 	      0.003558 
  38300 	       0.004436 	      0.003569 
  38400 	       0.004367 	      0.003478 
  38500 	       0.004374 	      0.003547 
  38600 	       0.004385 	      0.003532 
  38700 	       0.004405 	      0.003569 
  38800 	       0.004413 	      0.003542 
  38900 	       0.004426 	      0.003573 
  39000 	       0.004437 	      0.003543 
  39100 	       0.004451 	      0.003589 
  39200 	       0.004461 	      0.003692 
  39300 	       0.004509 	      0.003580 
  39400 	       0.004506 	      0.003593 
  39500 	       0.004510 	      0.003601 
  39600 	       0.004524 	      0.003656 
  39700 	       0.004543 	      0.003721 
  39800 	       0.004547 	      0.003696 
  39900 	       0.004551 	      0.003679 
  40000 	       0.004545 	      0.003706 
  40100 	       0.004589 	      0.003734 
  40200 	       0.004585 	      0.003760 
  40300 	       0.004625 	      0.003749 
  40400 	       0.004612 	      0.003681 
  40500 	       0.004590 	      0.003681 
  40600 	       0.004606 	      0.003705 
  40700 	       0.004607 	      0.003723 
  40800 	       0.004619 	      0.003798 
  40900 	       0.004629 	      0.003867 
  41000 	       0.004668 	      0.003778 
  41100 	       0.004667 	      0.003837 
  41200 	       0.004780 	      0.003924 
  41300 	       0.004787 	      0.003853 
  41400 	       0.004808 	      0.003903 
  41500 	       0.004811 	      0.003874 
  41600 	       0.004825 	      0.003844 
  41700 	       0.004876 	      0.003915 
  41800 	       0.004866 	      0.003893 
  41900 	       0.004777 	      0.003882 
  42000 	       0.004790 	      0.003847 
  42100 	       0.004796 	      0.003915 
  42200 	       0.004820 	      0.003924 
  42300 	       0.004836 	      0.003926 
  42400 	       0.004841 	      0.003947 
  42500 	       0.004852 	      0.003872 
  42600 	       0.004864 	      0.003872 
  42700 	       0.004885 	      0.004046 
  42800 	       0.004900 	      0.003997 
  42900 	       0.005037 	      0.004057 
  43000 	       0.005048 	      0.004027 
  43100 	       0.005058 	      0.004105 
  43200 	       0.004959 	      0.004018 
  43300 	       0.004986 	      0.004043 
  43400 	       0.004986 	      0.004054 
  43500 	       0.005093 	      0.004141 
  43600 	       0.005138 	      0.004151 
  43700 	       0.005119 	      0.004131 
  43800 	       0.005158 	      0.004135 
  43900 	       0.005151 	      0.004115 
  44000 	       0.005158 	      0.004096 
  44100 	       0.005167 	      0.004193 
  44200 	       0.005222 	      0.004208 
  44300 	       0.005209 	      0.004205 
  44400 	       0.005231 	      0.004245 
  44500 	       0.005241 	      0.004254 
  44600 	       0.005224 	      0.004287 
  44700 	       0.005244 	      0.004280 
  44800 	       0.005256 	      0.004226 
  44900 	       0.005268 	      0.004246 
  45000 	       0.005315 	      0.004315 
  45100 	       0.005282 	      0.004240 
  45200 	       0.005309 	      0.004272 
  45300 	       0.005310 	      0.004315 
  45400 	       0.005319 	      0.004317 
  45500 	       0.005340 	      0.004615 
  45600 	       0.005370 	      0.004319 
  45700 	       0.005373 	      0.004323 
  45800 	       0.005289 	      0.004291 
  45900 	       0.005294 	      0.004227 
  46000 	       0.005290 	      0.004252 
  46100 	       0.005356 	      0.004285 
  46200 	       0.005326 	      0.004294 
  46300 	       0.005333 	      0.004309 
  46400 	       0.005355 	      0.004371 
  46500 	       0.005376 	      0.004342 
  46600 	       0.005366 	      0.004327 
  46700 	       0.005379 	      0.004427 
  46800 	       0.005386 	      0.004323 
  46900 	       0.005405 	      0.004386 
  47000 	       0.005486 	      0.004423 
  47100 	       0.005434 	      0.004371 
  47200 	       0.005454 	      0.004450 
  47300 	       0.005575 	      0.004489 
  47400 	       0.005556 	      0.004542 
  47500 	       0.005576 	      0.004541 
  47600 	       0.005606 	      0.004584 
  47700 	       0.005604 	      0.004603 
  47800 	       0.005621 	      0.004574 
  47900 	       0.005665 	      0.004582 
  48000 	       0.005524 	      0.004532 
  48100 	       0.005540 	      0.004546 
  48200 	       0.005555 	      0.004456 
  48300 	       0.005556 	      0.004617 
  48400 	       0.005592 	      0.004521 
  48500 	       0.005582 	      0.004553 
  48600 	       0.005593 	      0.004526 
  48700 	       0.005596 	      0.004591 
  48800 	       0.005628 	      0.004575 
  48900 	       0.005611 	      0.004616 
  49000 	       0.005713 	      0.004710 
  49100 	       0.005743 	      0.004645 
  49200 	       0.005787 	      0.004683 
  49300 	       0.005816 	      0.004735 
  49400 	       0.005824 	      0.004767 
  49500 	       0.005915 	      0.004818 
  49600 	       0.005715 	      0.004715 
  49700 	       0.005746 	      0.004611 
  49800 	       0.005749 	      0.004625 
  49900 	       0.005760 	      0.004635 
  50000 	       0.005777 	      0.004729 
  50100 	       0.005807 	      0.004725 
  50200 	       0.005804 	      0.004700 
  50300 	       0.005819 	      0.004763 
  50400 	       0.005838 	      0.004757 
  50500 	       0.005861 	      0.004708 
  50600 	       0.005868 	      0.004745 
  50700 	       0.005873 	      0.004820 
  50800 	       0.005886 	      0.004764 
  50900 	       0.006017 	      0.004928 
  51000 	       0.006035 	      0.004945 
  51100 	       0.006052 	      0.004995 
  51200 	       0.006072 	      0.004889 
  51300 	       0.006080 	      0.004995 
  51400 	       0.006117 	      0.005018 
  51500 	       0.006014 	      0.004890 
  51600 	       0.006098 	      0.005034 
  51700 	       0.006153 	      0.005035 
  51800 	       0.006167 	      0.005022 
  51900 	       0.006179 	      0.005048 
  52000 	       0.006195 	      0.005087 
  52100 	       0.006222 	      0.005022 
  52200 	       0.006224 	      0.005061 
  52300 	       0.006238 	      0.005049 
  52400 	       0.006238 	      0.004995 
  52500 	       0.006238 	      0.005042 
  52600 	       0.006255 	      0.005050 
  52700 	       0.006278 	      0.005022 
  52800 	       0.006266 	      0.005115 
  52900 	       0.006277 	      0.005097 
  53000 	       0.006287 	      0.005235 
  53100 	       0.006299 	      0.005140 
  53200 	       0.006305 	      0.005097 
  53300 	       0.006317 	      0.005184 
  53400 	       0.006218 	      0.005135 
  53500 	       0.006245 	      0.005195 
  53600 	       0.006243 	      0.005007 
  53700 	       0.006260 	      0.005064 
  53800 	       0.006287 	      0.005068 
  53900 	       0.006291 	      0.005046 
  54000 	       0.006332 	      0.005233 
  54100 	       0.006300 	      0.005120 
  54200 	       0.006341 	      0.005101 
  54300 	       0.006359 	      0.005148 
  54400 	       0.006358 	      0.005099 
  54500 	       0.006370 	      0.005174 
  54600 	       0.006356 	      0.005187 
  54700 	       0.006487 	      0.005245 
  54800 	       0.006468 	      0.005209 
  54900 	       0.006448 	      0.005351 
  55000 	       0.006472 	      0.005287 
  55100 	       0.006438 	      0.005276 
  55200 	       0.006441 	      0.005372 
  55300 	       0.006549 	      0.005275 
  55400 	       0.006520 	      0.005332 
  55500 	       0.006662 	      0.005464 
  55600 	       0.006658 	      0.005445 
  55700 	       0.006699 	      0.005473 
  55800 	       0.006706 	      0.005384 
  55900 	       0.006565 	      0.005402 
  56000 	       0.006539 	      0.005456 
  56100 	       0.006689 	      0.005488 
  56200 	       0.006698 	      0.005547 
  56300 	       0.006757 	      0.005495 
  56400 	       0.006704 	      0.005472 
  56500 	       0.006689 	      0.005410 
  56600 	       0.006592 	      0.005387 
  56700 	       0.006595 	      0.005419 
  56800 	       0.006635 	      0.005385 
  56900 	       0.006603 	      0.005360 
  57000 	       0.006610 	      0.005396 
  57100 	       0.006642 	      0.005417 
  57200 	       0.006759 	      0.005591 
  57300 	       0.006766 	      0.005561 
  57400 	       0.006780 	      0.005491 
  57500 	       0.006791 	      0.005594 
  57600 	       0.006807 	      0.005586 
  57700 	       0.006731 	      0.005591 
  57800 	       0.006697 	      0.005506 
  57900 	       0.006769 	      0.005544 
  58000 	       0.006738 	      0.005528 
  58100 	       0.006756 	      0.005692 
  58200 	       0.006989 	      0.005479 
  58300 	       0.006791 	      0.005535 
  58400 	       0.006806 	      0.005653 
  58500 	       0.006964 	      0.005723 
  58600 	       0.006972 	      0.005667 
  58700 	       0.006998 	      0.005662 
  58800 	       0.007014 	      0.005724 
  58900 	       0.006914 	      0.005660 
  59000 	       0.006943 	      0.005630 
  59100 	       0.006905 	      0.005766 
  59200 	       0.006987 	      0.005789 
  59300 	       0.006933 	      0.005588 
  59400 	       0.006968 	      0.005612 
  59500 	       0.006969 	      0.005670 
  59600 	       0.006980 	      0.005671 
  59700 	       0.007004 	      0.005695 
  59800 	       0.007000 	      0.005786 
  59900 	       0.007032 	      0.005650 
  60000 	       0.007056 	      0.005673 
  60100 	       0.007041 	      0.005731 
  60200 	       0.007060 	      0.005714 
  60300 	       0.007070 	      0.005676 
  60400 	       0.007099 	      0.005818 
  60500 	       0.007093 	      0.005761 
  60600 	       0.007124 	      0.005781 
  60700 	       0.007122 	      0.005785 
  60800 	       0.007134 	      0.005836 
  60900 	       0.007166 	      0.005848 
  61000 	       0.007160 	      0.005892 
  61100 	       0.007401 	      0.005859 
  61200 	       0.007172 	      0.005919 
  61300 	       0.007199 	      0.005927 
  61400 	       0.007263 	      0.005920 
  61500 	       0.007227 	      0.006008 
  61600 	       0.007236 	      0.005934 
  61700 	       0.007252 	      0.005872 
  61800 	       0.007283 	      0.005911 
  61900 	       0.007276 	      0.006009 
  62000 	       0.007292 	      0.005918 
  62100 	       0.007296 	      0.006061 
  62200 	       0.007300 	      0.005938 
  62300 	       0.007321 	      0.005982 
  62400 	       0.007339 	      0.006078 
  62500 	       0.007386 	      0.005992 
  62600 	       0.007364 	      0.005986 
  62700 	       0.007405 	      0.005902 
  62800 	       0.007411 	      0.006200 
  62900 	       0.007400 	      0.006011 
  63000 	       0.007551 	      0.006163 
  63100 	       0.007570 	      0.006201 
  63200 	       0.007578 	      0.006162 
  63300 	       0.007590 	      0.006163 
  63400 	       0.007599 	      0.006199 
  63500 	       0.007646 	      0.006318 
  63600 	       0.007630 	      0.006225 
  63700 	       0.007646 	      0.006358 
  63800 	       0.007686 	      0.006266 
  63900 	       0.007675 	      0.006340 
  64000 	       0.007682 	      0.006205 
  64100 	       0.007690 	      0.006271 
  64200 	       0.007714 	      0.006240 
  64300 	       0.007717 	      0.006232 
  64400 	       0.007586 	      0.006200 
  64500 	       0.007616 	      0.006218 
  64600 	       0.007601 	      0.006166 
  64700 	       0.007644 	      0.006221 
  64800 	       0.007808 	      0.006374 
  64900 	       0.007752 	      0.006309 
  65000 	       0.007682 	      0.006320 
  65100 	       0.007823 	      0.006439 
  65200 	       0.007791 	      0.006427 
  65300 	       0.007830 	      0.006465 
  65400 	       0.007856 	      0.006459 
  65500 	       0.007707 	      0.006346 
  65600 	       0.007707 	      0.006335 
  65700 	       0.007719 	      0.006354 
  65800 	       0.007755 	      0.006347 
  65900 	       0.007792 	      0.006429 
  66000 	       0.007786 	      0.006312 
  66100 	       0.007845 	      0.006351 
  66200 	       0.007848 	      0.006357 
  66300 	       0.007853 	      0.006438 
  66400 	       0.007884 	      0.006396 
  66500 	       0.007957 	      0.006568 
  66600 	       0.008067 	      0.006479 
  66700 	       0.008086 	      0.006579 
  66800 	       0.008070 	      0.006618 
  66900 	       0.008085 	      0.006367 
  67000 	       0.007953 	      0.006508 
  67100 	       0.008111 	      0.006475 
  67200 	       0.008121 	      0.006652 
  67300 	       0.008148 	      0.006596 
  67400 	       0.008156 	      0.006664 
  67500 	       0.008001 	      0.006433 
  67600 	       0.008174 	      0.006667 
  67700 	       0.008192 	      0.006784 
  67800 	       0.008212 	      0.006765 
  67900 	       0.008227 	      0.006735 
  68000 	       0.008106 	      0.006608 
  68100 	       0.008106 	      0.006649 
  68200 	       0.008118 	      0.006592 
  68300 	       0.008142 	      0.006513 
  68400 	       0.008157 	      0.006716 
  68500 	       0.008154 	      0.006642 
  68600 	       0.008203 	      0.006710 
  68700 	       0.008194 	      0.006697 
  68800 	       0.008206 	      0.006960 
  68900 	       0.008218 	      0.006820 
  69000 	       0.008251 	      0.006713 
  69100 	       0.008404 	      0.006813 
  69200 	       0.008397 	      0.006798 
  69300 	       0.008346 	      0.006626 
  69400 	       0.008279 	      0.006816 
  69500 	       0.008265 	      0.006711 
  69600 	       0.008281 	      0.006803 
  69700 	       0.008298 	      0.006779 
  69800 	       0.008314 	      0.006724 
  69900 	       0.008359 	      0.006787 
  70000 	       0.008388 	      0.006814 
  70100 	       0.008425 	      0.006847 
  70200 	       0.008397 	      0.006858 
  70300 	       0.008413 	      0.006787 
  70400 	       0.008452 	      0.006780 
  70500 	       0.008442 	      0.006809 
  70600 	       0.008465 	      0.006824 
  70700 	       0.008522 	      0.006756 
  70800 	       0.008495 	      0.006746 
  70900 	       0.008518 	      0.006841 
  71000 	       0.008519 	      0.006765 
  71100 	       0.008526 	      0.007104 
  71200 	       0.008535 	      0.007001 
  71300 	       0.008550 	      0.006845 
  71400 	       0.008617 	      0.007107 
  71500 	       0.008778 	      0.007009 
  71600 	       0.008606 	      0.006918 
  71700 	       0.008617 	      0.007115 
  71800 	       0.008767 	      0.007106 
  71900 	       0.008588 	      0.006895 
  72000 	       0.008627 	      0.007014 
  72100 	       0.008653 	      0.006973 
  72200 	       0.008710 	      0.006937 
  72300 	       0.008694 	      0.007065 
  72400 	       0.008715 	      0.007061 
  72500 	       0.008738 	      0.007012 
  72600 	       0.008691 	      0.007187 
  72700 	       0.008757 	      0.007130 
  72800 	       0.008731 	      0.007108 
  72900 	       0.008704 	      0.007243 
  73000 	       0.008836 	      0.007551 
  73100 	       0.008721 	      0.007095 
  73200 	       0.008768 	      0.007236 
  73300 	       0.008976 	      0.007279 
  73400 	       0.008891 	      0.007412 
  73500 	       0.008978 	      0.007345 
  73600 	       0.008948 	      0.007431 
  73700 	       0.008966 	      0.007613 
  73800 	       0.008919 	      0.007150 
  73900 	       0.008798 	      0.007309 
  74000 	       0.008872 	      0.007302 
  74100 	       0.008865 	      0.007197 
  74200 	       0.008992 	      0.007455 
  74300 	       0.009075 	      0.007376 
  74400 	       0.009020 	      0.007472 
  74500 	       0.009145 	      0.007425 
  74600 	       0.009182 	      0.007625 
  74700 	       0.009139 	      0.007335 
  74800 	       0.009178 	      0.007397 
  74900 	       0.009145 	      0.007670 
  75000 	       0.009220 	      0.007348 
  75100 	       0.009069 	      0.007628 
  75200 	       0.009213 	      0.007534 
  75300 	       0.009083 	      0.007278 
  75400 	       0.009059 	      0.007417 
  75500 	       0.009130 	      0.007470 
  75600 	       0.009259 	      0.007667 
  75700 	       0.009343 	      0.007615 
  75800 	       0.009283 	      0.007653 
  75900 	       0.009339 	      0.007360 
  76000 	       0.009368 	      0.007714 
  76100 	       0.009380 	      0.007755 
  76200 	       0.009426 	      0.007526 
  76300 	       0.009326 	      0.007760 
  76400 	       0.009414 	      0.007648 
  76500 	       0.009365 	      0.007750 
  76600 	       0.009483 	      0.007571 
  76700 	       0.009392 	      0.007680 
  76800 	       0.009269 	      0.007493 
  76900 	       0.009274 	      0.007634 
  77000 	       0.009326 	      0.007525 
  77100 	       0.009359 	      0.007603 
  77200 	       0.009345 	      0.007726 
  77300 	       0.009487 	      0.007653 
  77400 	       0.009519 	      0.007787 
  77500 	       0.009573 	      0.007739 
  77600 	       0.009512 	      0.007937 
  77700 	       0.009590 	      0.007665 
  77800 	       0.009560 	      0.007865 
  77900 	       0.009631 	      0.007668 
  78000 	       0.009600 	      0.007867 
  78100 	       0.009460 	      0.007663 
  78200 	       0.009430 	      0.007805 
  78300 	       0.009498 	      0.007579 
  78400 	       0.009446 	      0.007700 
  78500 	       0.009590 	      0.007666 
  78600 	       0.009507 	      0.007875 
  78700 	       0.009525 	      0.007773 
  78800 	       0.009584 	      0.007764 
  78900 	       0.009587 	      0.007760 
  79000 	       0.009773 	      0.007937 
  79100 	       0.009772 	      0.007921 
  79200 	       0.009796 	      0.007905 
  79300 	       0.009800 	      0.007876 
  79400 	       0.009640 	      0.007831 
  79500 	       0.009627 	      0.007862 
  79600 	       0.009662 	      0.007710 
  79700 	       0.009640 	      0.007737 
  79800 	       0.009661 	      0.007857 
  79900 	       0.009634 	      0.007869 
  80000 	       0.009716 	      0.008138 
  80100 	       0.009678 	      0.007896 
  80200 	       0.009696 	      0.007833 
  80300 	       0.009717 	      0.007886 
  80400 	       0.009751 	      0.007821 
  80500 	       0.009721 	      0.007815 
  80600 	       0.009836 	      0.008097 
  80700 	       0.009954 	      0.007975 
  80800 	       0.009954 	      0.008032 
  80900 	       0.009979 	      0.008133 
  81000 	       0.009912 	      0.007894 
  81100 	       0.010038 	      0.008045 
  81200 	       0.009947 	      0.008132 
  81300 	       0.010425 	      0.008220 
  81400 	       0.009997 	      0.008014 
  81500 	       0.009832 	      0.007915 
  81600 	       0.009791 	      0.008049 
  81700 	       0.009841 	      0.008015 
  81800 	       0.009820 	      0.008110 
  81900 	       0.009928 	      0.008111 
  82000 	       0.009892 	      0.008098 
  82100 	       0.009899 	      0.008140 
  82200 	       0.009906 	      0.008154 
  82300 	       0.010069 	      0.008371 
  82400 	       0.010130 	      0.008315 
  82500 	       0.010097 	      0.008361 
  82600 	       0.010151 	      0.008186 
  82700 	       0.009947 	      0.008155 
  82800 	       0.010015 	      0.008156 
  82900 	       0.010012 	      0.008143 
  83000 	       0.010005 	      0.008260 
  83100 	       0.010114 	      0.008326 
  83200 	       0.010238 	      0.008321 
  83300 	       0.010289 	      0.008299 
  83400 	       0.010259 	      0.008486 
  83500 	       0.010233 	      0.008340 
  83600 	       0.010303 	      0.008486 
  83700 	       0.010292 	      0.008449 
  83800 	       0.010299 	      0.008507 
  83900 	       0.010114 	      0.008227 
  84000 	       0.010135 	      0.008193 
  84100 	       0.010147 	      0.008215 
  84200 	       0.010185 	      0.008450 
  84300 	       0.010369 	      0.008386 
  84400 	       0.010411 	      0.008653 
  84500 	       0.010509 	      0.008410 
  84600 	       0.010467 	      0.008439 
  84700 	       0.010310 	      0.008431 
  84800 	       0.010366 	      0.008477 
  84900 	       0.010285 	      0.008457 
  85000 	       0.010340 	      0.008490 
  85100 	       0.010624 	      0.008820 
  85200 	       0.010555 	      0.008543 
  85300 	       0.010594 	      0.008632 
  85400 	       0.010553 	      0.008832 
  85500 	       0.010652 	      0.008579 
  85600 	       0.010620 	      0.008595 
  85700 	       0.010589 	      0.008558 
  85800 	       0.010607 	      0.008697 
  85900 	       0.010690 	      0.008646 
  86000 	       0.010692 	      0.008897 
  86100 	       0.010731 	      0.008535 
  86200 	       0.010552 	      0.008559 
  86300 	       0.010474 	      0.008501 
  86400 	       0.010555 	      0.008487 
  86500 	       0.010495 	      0.008513 
  86600 	       0.010579 	      0.008526 
  86700 	       0.010622 	      0.008534 
  86800 	       0.010570 	      0.008675 
  86900 	       0.010621 	      0.008588 
  87000 	       0.010661 	      0.008802 
  87100 	       0.010603 	      0.008935 
  87200 	       0.010732 	      0.008731 
  87300 	       0.010661 	      0.008645 
  87400 	       0.010670 	      0.008573 
  87500 	       0.010734 	      0.008703 
  87600 	       0.010896 	      0.008693 
  87700 	       0.010914 	      0.008797 
  87800 	       0.010940 	      0.008956 
  87900 	       0.010986 	      0.008877 
  88000 	       0.010933 	      0.008884 
  88100 	       0.011085 	      0.008845 
  88200 	       0.011013 	      0.008888 
  88300 	       0.010979 	      0.009099 
  88400 	       0.011011 	      0.008827 
  88500 	       0.010842 	      0.008719 
  88600 	       0.010820 	      0.008908 
  88700 	       0.010851 	      0.009086 
  88800 	       0.010872 	      0.008843 
  88900 	       0.011004 	      0.008946 
  89000 	       0.011054 	      0.009018 
  89100 	       0.011117 	      0.008980 
  89200 	       0.011138 	      0.008897 
  89300 	       0.011091 	      0.009021 
  89400 	       0.010990 	      0.008839 
  89500 	       0.010993 	      0.008849 
  89600 	       0.010907 	      0.008951 
  89700 	       0.010965 	      0.008939 
  89800 	       0.010966 	      0.008765 
  89900 	       0.010920 	      0.008918 
  90000 	       0.011019 	      0.009086 
  90100 	       0.011333 	      0.010179 
  90200 	       0.011556 	      0.008905 
  90300 	       0.011013 	      0.009013 
  90400 	       0.011056 	      0.009008 
  90500 	       0.011099 	      0.009024 
  90600 	       0.011061 	      0.009067 
  90700 	       0.011061 	      0.009159 
  90800 	       0.011131 	      0.009157 
  90900 	       0.011108 	      0.009050 
  91000 	       0.011087 	      0.009293 
  91100 	       0.011299 	      0.009292 
  91200 	       0.011412 	      0.009119 
  91300 	       0.011379 	      0.009160 
  91400 	       0.011307 	      0.009142 
  91500 	       0.011209 	      0.009328 
  91600 	       0.011216 	      0.009223 
  91700 	       0.011202 	      0.009100 
  91800 	       0.011358 	      0.009396 
  91900 	       0.011493 	      0.009410 
  92000 	       0.011550 	      0.009278 
  92100 	       0.011510 	      0.009183 
  92200 	       0.011241 	      0.009091 
  92300 	       0.011296 	      0.009159 
  92400 	       0.011309 	      0.009174 
  92500 	       0.011366 	      0.009056 
  92600 	       0.011280 	      0.009265 
  92700 	       0.011362 	      0.009252 
  92800 	       0.011443 	      0.009368 
  92900 	       0.011475 	      0.009366 
  93000 	       0.011545 	      0.009504 
  93100 	       0.011639 	      0.009408 
  93200 	       0.011624 	      0.009323 
  93300 	       0.011637 	      0.009373 
  93400 	       0.011370 	      0.009225 
  93500 	       0.011400 	      0.009378 
  93600 	       0.011501 	      0.009419 
  93700 	       0.011673 	      0.009647 
  93800 	       0.011674 	      0.009582 
  93900 	       0.011673 	      0.009407 
  94000 	       0.011692 	      0.009539 
  94100 	       0.011747 	      0.009488 
  94200 	       0.011803 	      0.009641 
  94300 	       0.011552 	      0.009452 
  94400 	       0.011506 	      0.009330 
  94500 	       0.011763 	      0.009522 
  94600 	       0.011819 	      0.009520 
  94700 	       0.011800 	      0.009711 
  94800 	       0.011806 	      0.009667 
  94900 	       0.011796 	      0.009564 
  95000 	       0.011580 	      0.009597 
  95100 	       0.011641 	      0.009894 
  95200 	       0.011662 	      0.009590 
  95300 	       0.011677 	      0.009466 
  95400 	       0.011876 	      0.009799 
  95500 	       0.011839 	      0.009601 
  95600 	       0.012244 	      0.009774 
  95700 	       0.011917 	      0.009842 
  95800 	       0.011966 	      0.009795 
  95900 	       0.012061 	      0.009655 
  96000 	       0.011874 	      0.009736 
  96100 	       0.011963 	      0.009663 
  96200 	       0.011930 	      0.009821 
  96300 	       0.012003 	      0.009728 
  96400 	       0.011818 	      0.009657 
  96500 	       0.011806 	      0.009581 
  96600 	       0.011785 	      0.009548 
  96700 	       0.011776 	      0.009743 
  96800 	       0.011801 	      0.009707 
  96900 	       0.011865 	      0.009635 
  97000 	       0.011867 	      0.009647 
  97100 	       0.012077 	      0.009769 
  97200 	       0.012081 	      0.009926 
  97300 	       0.012088 	      0.009802 
  97400 	       0.011867 	      0.009860 
  97500 	       0.012058 	      0.009706 
  97600 	       0.011964 	      0.009810 
  97700 	       0.012076 	      0.009916 
  97800 	       0.012076 	      0.009800 
  97900 	       0.011992 	      0.009853 
  98000 	       0.011969 	      0.009948 
  98100 	       0.012186 	      0.010053 
  98200 	       0.012223 	      0.010205 
  98300 	       0.012288 	      0.010183 
  98400 	       0.012133 	      0.010204 
  98500 	       0.012416 	      0.010301 
  98600 	       0.012365 	      0.010207 
  98700 	       0.012401 	      0.009903 
  98800 	       0.012088 	      0.009912 
  98900 	       0.012070 	      0.010035 
  99000 	       0.012086 	      0.009939 
  99100 	       0.012360 	      0.010033 
  99200 	       0.012393 	      0.010301 
  99300 	       0.012440 	      0.009987 
  99400 	       0.012456 	      0.010313 
  99500 	       0.012468 	      0.010308 
  99600 	       0.012502 	      0.010172 
  99700 	       0.012446 	      0.010135 
  99800 	       0.012325 	      0.010088 
  99900 	       0.012367 	      0.010267 
 100000 	       0.012556 	      0.010302 
